11844
7366
12551
16900
2022
8709
2206
17553
12065
3630
15370
4543
8417
12231
743
15145
9639
7324
8980
17172
16648
16298
10341
707
9534
7322
9660
184
8844
9859
3928
3305
913
10898
7688
10177
2914
8896
10030
17192
9848
7668
16977
11544
2260
17044
6615
126
10713
17035
9675
12935
11297
14836
7593
6775
17130
13077
16570
7116
8296
17669
8327
7129
3876
3134
5500
4355
933
4098
16909
16813
13751
1622
1901
14147
9790
9537
6302
17291
11890
9577
10553
31
7311
13400
13856
1624
1221
13284
17594
15976
12715
14693
2660
6001
12525
7889
13241
14363
7754
5588
10137
16514
8305
14609
13369
6545
6075
5216
11660
16373
2692
12972
16568
7796
9159
9865
1888
716
6474
12364
9076
2383
10926
16019
15946
5064
9787
10557
16522
5585
11157
