1
13389
5579
8647
10948
8211
10621
3503
7090
14243
15145
6896
5172
3879
7372
5529
17535
17614
4285
16602
3526
11570
17603
17665
8786
15515
16099
16537
7940
5955
8929
2234
10601
3488
2616
1962
10397
3335
6964
5223
8380
6285
251
4651
7951
10426
16745
8096
6072
4554
12341
4793
16983
17200
12900
9675
11719
13252
9939
11917
4475
7819
10327
12208
9156
6867
9613
2747
6523
9355
11479
13072
9804
7353
1052
789
13980
10485
3401
15939
16417
7850
14813
6647
9448
7086
14240
10680
8010
14933
6737
590
9368
7026
14195
15109
6869
689
13905
5966
13400
10050
16463
16810
3682
11687
13228
9921
2978
11159
12832
9624
7218
14339
15217
6950
14138
1678
10184
7638
14654
2065
14937
6740
5055
8254
15116
11337
4040
3030
11198
17324
12993
